0 0 1 809 832 905 973 52 834 653 859
1 1 1 519 548 475 335 820 324 660 537
1 1 0 760 871 69 791 716 268 247 362
0 0 0 587 598 309 122 311 406 308 247
1 1 1 692 468 315 576 134 957 715 329
0 1 0 975 861 115 930 698 153 138 113
0 0 1 670 580 928 874 290 759 354 545
1 1 0 439 944 57 332 942 543 841 977
1 1 0 828 551 337 381 993 203 791 493
1 1 0 125 77 600 520 724 813 67 696
1 0 0 817 129 767 370 808 623 780 945
0 1 1 531 855 13 39 967 100 853 885
1 1 0 566 31 424 200 366 466 35 212
1 1 0 434 878 201 131 95 2 472 708
1 1 0 854 935 72 776 318 63 609 707
1 0 0 69 291 144 214 168 355 126 869
1 0 0 228 291 837 652 44 642 392 896
1 0 1 186 517 2 506 410 269 11 973
1 0 1 886 756 583 607 578 211 21 722
0 0 0 634 193 843 926 690 134 9 320
0 0 1 321 55 359 211 663 627 925 977
0 0 1 783 569 423 723 276 955 667 39
1 1 0 398 638 585 852 216 21 245 870
0 0 0 531 772 684 416 277 388 177 277
1 0 1 712 76 645 621 90 367 938 687
0 1 1 368 900 298 407 794 993 53 656
1 1 0 477 337 751 662 184 79 346 173
1 0 1 185 134 608 740 155 9 140 488
0 1 0 881 226 755 845 766 580 641 662
1 1 0 223 337 265 757 136 248 262 439
1 0 0 416 537 263 410 337 265 418 925
0 0 1 921 138 122 918 716 716 529 875
0 1 0 91 371 157 853 771 546 270 918
0 0 1 220 776 109 705 987 374 990 769
1 0 1 223 800 316 511 665 115 875 643
0 0 1 656 801 265 500 708 608 676 305
0 1 0 160 624 26 864 776 820 513 494
0 1 0 261 572 664 88 399 679 895 185
1 1 0 479 381 818 169 957 835 373 141
1 1 0 77 128 827 530 966 172 481 245
0 0 0 167 114 881 947 829 408 729 658
0 1 1 412 636 296 264 877 906 680 765
0 0 0 281 863 749 282 453 804 582 8
0 0 0 37 462 79 245 91 617 876 413
1 1 1 537 538 40 813 641 775 261 802
0 0 0 597 949 890 612 46 78 44 440
0 1 0 491 716 401 782 366 107 357 378
0 0 1 52 500 120 645 685 485 993 50
1 1 1 893 632 318 936 928 167 329 62
1 0 0 590 263 527 822 900 471 816 598
1 0 0 987 580 535 848 125 268 582 990
1 1 1 256 553 244 620 360 485 42 649
1 0 0 791 450 399 562 824 602 51 968
0 1 0 804 821 275 973 641 419 46 712
1 0 1 239 775 58 376 277 999 589 20
0 0 0 476 302 934 144 77 49 304 911
1 0 1 368 339 861 626 901 413 524 642
1 1 1 198 386 623 314 343 650 450 832
1 0 0 723 766 263 908 630 330 764 306
0 1 0 823 601 700 959 587 804 726 194
0 1 1 190 823 534 224 134 39 474 172
1 1 0 84 374 292 302 266 120 49 51
0 1 0 584 19 989 966 564 225 870 545
0 0 0 462 846 820 220 477 96 308 429
0 0 0 20 975 785 64 185 937 843 131
1 1 0 562 931 101 931 264 910 428 297
0 1 1 105 546 584 766 276 646 189 469
1 0 1 560 758 887 473 15 811 519 124
0 0 0 592 14 123 933 708 254 165 263
0 1 0 22 664 416 187 941 473 922 171
1 0 0 553 901 58 525 169 854 885 172
1 1 0 998 320 177 548 570 130 927 381
0 1 0 870 595 540 940 235 935 77 749
1 1 0 497 573 361 557 151 704 681 659
0 0 1 687 337 191 342 668 179 324 723
0 0 1 565 252 304 97 662 476 33 823
1 0 1 64 736 445 107 707 195 65 644
0 0 1 13 736 553 115 537 544 188 948
1 0 1 942 530 679 834 5 106 670 536
0 1 1 359 303 2 584 285 63 328 887
1 1 0 224 870 240 615 802 424 580 289
1 1 0 926 425 96 237 869 618 455 355
1 1 1 206 855 22 409 377 428 790 732
0 1 0 830 90 546 745 107 692 661 421
1 0 0 302 691 526 474 546 179 516 530
1 1 1 108 226 770 475 645 600 959 382
1 1 0 848 777 69 315 401 895 530 380
0 0 0 190 157 926 320 803 297 495 481
1 0 1 369 732 900 908 951 397 414 8
0 0 0 120 812 196 850 469 600 813 659
1 0 0 470 864 55 39 139 949 842 203
1 1 0 604 730 132 673 564 56 626 665
0 1 0 324 563 889 550 796 843 61 60
1 0 1 38 622 838 633 453 583 459 16
0 0 0 688 774 455 640 881 489 900 331
0 1 1 868 756 634 389 757 912 528 197
1 1 1 801 397 696 543 696 319 401 598
0 0 0 116 382 11 557 618 334 411 727
0 0 1 559 757 372 612 57 817 13 480
1 1 0 618 9 161 254 370 257 794 656
1 1 0 110 202 844 543 708 688 598 125
0 1 1 3 149 734 30 123 741 415 621
0 0 0 328 915 402 966 722 801 35 996
0 0 1 651 967 673 919 484 255 199 388
0 0 0 729 873 937 707 617 91 258 549
1 1 1 571 178 411 603 886 971 147 894
0 1 1 602 177 511 510 444 953 615 664
1 0 0 482 54 602 820 798 246 813 963
0 0 1 604 126 56 423 920 181 40 191
1 1 1 680 167 251 965 480 419 440 647
0 1 1 190 985 593 469 452 625 911 983
0 0 1 913 334 446 381 267 365 907 173
0 1 0 396 157 848 102 970 843 732 5
0 1 1 800 210 149 18 361 981 248 488
1 1 0 478 657 324 690 594 292 819 759
1 1 0 232 353 807 295 828 953 101 86
1 1 0 410 742 365 89 684 29 415 542
1 0 1 289 951 573 851 633 203 682 900
1 0 1 992 143 625 890 332 748 734 705
1 0 1 731 178 392 8 94 556 671 69
0 0 1 107 154 57 531 630 598 128 151
1 1 1 897 310 755 221 75 718 206 105
1 0 1 201 513 68 870 849 824 84 820
1 0 0 527 330 466 159 215 184 87 514
0 0 1 364 766 463 452 222 809 958 251
1 0 1 923 13 361 303 75 655 976 679
0 0 1 111 393 573 546 374 415 212 300
1 0 1 364 317 216 626 145 846 14 954
0 0 0 792 619 74 635 314 474 292 225
1 1 0 669 194 843 112 969 362 470 769
0 1 1 856 472 706 799 380 990 352 273
0 1 1 339 225 165 344 100 442 156 912
1 0 0 48 890 644 21 484 987 208 503
1 0 1 87 956 34 830 716 246 22 634
1 0 0 597 82 410 527 278 173 364 111
1 0 0 966 251 55 987 743 19 705 205
1 0 0 508 65 819 626 327 916 751 336
1 1 1 781 691 435 112 427 878 463 370
0 1 0 161 607 300 435 48 813 318 226
0 1 1 403 298 49 26 154 360 153 752
1 0 1 778 719 522 387 286 772 917 308
1 0 1 149 759 576 300 968 0 717 367
1 0 1 459 66 474 921 839 316 991 249
0 0 1 122 691 723 174 321 654 965 848
0 1 1 296 93 645 971 215 531 955 376
0 1 1 244 330 714 367 772 127 367 386
0 0 1 685 808 819 346 380 140 179 107
1 1 1 240 915 264 549 703 580 801 711
1 1 1 643 227 278 934 294 683 258 172
0 1 1 977 408 421 531 683 517 238 448
0 0 0 580 130 624 719 501 707 428 645
1 0 0 965 606 914 173 388 722 165 752
1 0 0 417 998 768 819 54 189 256 810
1 0 1 562 456 817 966 996 612 444 389
0 0 0 224 908 712 167 599 19 765 333
0 1 1 47 125 574 477 431 851 370 374
0 0 0 659 747 142 229 508 430 821 927
1 1 0 959 828 287 381 439 695 401 590
1 1 1 217 257 287 331 301 421 301 349
1 1 0 129 443 403 243 680 733 571 500
0 1 0 847 348 883 374 720 575 984 343
1 0 0 417 978 216 831 827 546 904 287
1 0 1 289 140 339 274 525 206 239 754
1 1 1 355 920 209 174 46 744 476 879
0 0 1 651 728 221 934 830 526 610 6
0 1 0 916 236 485 617 546 951 550 121
1 1 1 58 184 971 213 375 953 822 858
0 1 0 890 366 222 956 452 396 564 675
1 1 0 772 351 463 216 266 112 478 788
0 0 0 876 138 400 296 468 517 554 752
1 0 0 918 602 298 543 436 83 166 427
1 1 1 750 425 300 925 715 449 832 350
1 0 0 29 409 204 406 319 581 301 472
1 1 1 354 304 572 124 931 405 268 135
1 1 1 124 624 648 692 846 937 713 614
1 1 1 271 614 205 947 538 12 330 131
1 1 0 511 878 483 819 689 480 88 210
1 1 0 856 360 69 142 15 330 979 438
0 1 1 471 898 251 723 388 970 894 352
1 1 1 738 839 65 965 818 866 683 195
0 0 0 89 806 950 533 69 405 803 559
0 0 1 484 222 145 574 323 516 441 186
0 0 1 239 522 715 738 226 805 334 888
0 0 1 586 835 231 457 515 801 352 425
1 0 0 825 476 69 581 558 642 603 583
0 0 1 934 39 625 254 435 606 537 684
0 1 0 5 6 582 373 386 905 891 94
0 0 0 942 275 787 798 54 559 933 163
0 1 1 553 638 74 116 294 669 368 126
1 1 0 622 168 21 218 128 660 204 284
0 1 0 961 543 948 739 821 264 502 944
0 0 1 869 357 87 102 159 972 366 647
0 1 0 35 613 709 267 273 947 83 727
0 0 1 836 10 92 980 59 635 408 656
1 0 0 505 551 990 614 831 501 948 727
1 1 1 587 380 949 652 668 306 460 676
0 1 0 735 269 738 225 823 373 590 135
0 0 0 229 752 358 488 629 626 426 603
1 0 1 204 525 385 730 968 366 606 306
1 0 1 735 879 960 952 805 616 703 456
0 1 1 278 878 283 982 848 541 35 950
1 1 0 596 157 355 480 950 108 429 407
0 1 0 562 325 754 601 493 168 552 397
1 0 1 187 162 261 656 792 880 375 507
0 0 0 641 986 476 392 87 193 158 118
1 1 1 301 536 804 754 185 65 518 874
0 1 1 575 789 557 246 591 870 467 148
0 0 1 470 265 818 814 421 330 723 748
0 1 0 610 655 703 632 476 948 598 716
0 1 0 76 380 161 544 712 851 567 621
0 1 1 95 340 225 684 349 92 469 768
1 1 0 24 98 805 4 710 161 330 453
1 1 1 413 443 734 760 154 626 413 432
0 1 1 744 382 980 686 333 139 503 742
1 0 0 160 829 889 315 97 480 451 246
1 1 0 185 672 114 117 739 62 226 969
0 0 1 419 406 108 226 254 908 168 309
1 1 0 30 206 115 989 162 584 402 620
1 1 1 131 23 325 773 606 983 236 701
1 1 1 170 578 107 625 264 574 970 609
1 0 1 354 11 277 72 768 675 950 138
1 0 1 833 71 388 22 731 448 856 253
0 1 0 386 715 471 685 175 101 13 847
0 0 0 492 145 87 587 213 370 756 236
1 0 0 830 885 345 870 877 130 48 847
1 0 1 876 113 867 591 227 550 258 481
1 0 1 200 850 453 40 822 261 911 358
0 0 0 786 468 810 717 109 719 277 151
1 0 1 544 284 716 153 839 281 804 517
0 0 0 354 848 648 871 67 416 59 763
0 1 1 766 996 263 401 440 530 316 969
0 1 0 171 652 20 709 234 179 320 575
1 1 1 505 34 505 727 462 129 545 741
0 1 0 309 415 84 606 299 135 205 437
1 0 1 254 248 772 674 467 451 639 447
0 0 0 317 209 388 746 91 552 889 525
1 1 0 871 218 598 138 587 146 975 558
0 0 0 39 896 744 388 52 116 632 972
1 1 1 336 336 988 936 86 333 807 960
1 0 0 877 547 964 314 321 603 371 669
0 0 1 33 441 152 753 696 108 441 364
0 1 1 487 51 251 349 293 80 804 220
0 1 0 774 751 909 667 24 168 646 899
1 0 0 752 491 121 556 412 252 367 250
0 1 1 784 235 23 24 680 326 828 423
1 1 0 850 684 623 680 740 106 470 858
1 0 1 962 963 355 519 757 506 402 277
0 0 0 760 975 523 637 834 436 276 374
0 0 1 369 602 947 810 711 143 670 252
0 0 1 228 706 652 849 253 367 801 55
0 1 1 406 594 714 493 708 768 305 864
0 0 1 466 41 250 559 495 120 389 974
1 1 1 363 592 542 515 0 857 464 510
1 0 0 641 66 281 593 662 377 491 580
1 0 0 740 404 867 565 602 238 792 948
1 1 0 101 57 49 824 707 537 798 825
0 0 0 479 683 451 60 645 728 863 898
1 1 0 968 809 489 902 295 371 353 312
1 0 1 183 995 754 812 87 12 908 912
1 0 1 443 966 318 517 395 61 230 737
1 0 1 765 187 295 659 139 769 106 405
1 0 0 649 510 965 797 84 349 427 928
1 0 1 770 224 462 271 277 447 203 590
0 0 1 372 934 108 781 920 517 429 234
1 1 1 466 133 426 14 830 617 969 405
1 0 1 630 372 19 945 574 469 595 504
0 1 1 839 654 846 192 529 632 512 933
1 1 0 265 576 375 359 592 33 436 440
0 0 0 635 556 21 411 831 614 198 122
1 1 0 728 849 386 337 398 339 886 618
0 1 0 138 85 318 745 500 197 991 623
0 1 1 780 962 153 592 585 474 763 535
0 0 0 204 168 179 862 284 583 187 780
1 0 1 530 163 308 546 536 964 666 142
1 0 0 157 235 958 70 847 677 447 780
0 1 1 841 883 595 96 411 816 932 691
0 1 0 313 883 510 465 594 265 153 562
0 0 0 798 915 310 712 137 117 631 605
0 0 1 657 259 53 639 51 201 614 283
1 1 0 853 399 806 90 102 308 935 59
0 1 0 120 454 256 457 320 372 571 65
1 0 0 284 840 541 625 550 566 438 512
0 0 1 859 997 913 981 867 139 388 401
0 1 1 375 374 535 878 867 659 519 870
0 1 1 253 124 468 625 693 987 765 773
0 0 0 400 618 328 570 457 939 916 571
1 0 0 433 218 102 320 125 374 541 67
1 0 1 334 387 353 283 799 519 310 501
0 0 1 644 687 296 251 321 100 299 642
0 0 0 862 456 611 410 213 301 284 736
0 0 1 668 531 431 235 441 875 652 398
0 1 0 807 291 582 460 848 465 744 504
0 1 1 902 67 846 202 414 124 129 921
0 1 0 348 572 61 927 432 478 125 448
1 1 0 359 996 29 149 918 521 22 111
1 0 1 854 941 332 101 205 592 148 99
0 1 1 656 854 491 516 381 461 799 478
0 0 0 884 968 870 714 194 211 433 661
1 1 1 415 8 950 729 290 719 757 925
0 0 1 12 240 593 589 664 647 233 834
0 1 1 765 178 621 60 379 277 11 620
1 0 0 25 501 208 844 4 611 42 272
1 1 0 460 863 233 740 668 474 841 112
0 1 0 526 515 446 759 956 13 686 467
0 0 0 656 104 460 544 682 486 211 903
0 0 0 440 318 474 716 685 815 307 21
1 0 0 685 663 186 760 595 724 592 243
1 0 0 917 710 710 643 532 961 332 655
1 0 1 24 448 51 439 400 746 791 198
1 0 1 825 30 206 980 598 394 446 896
0 0 1 773 648 504 889 553 932 53 261
0 0 0 572 370 538 64 310 549 442 864
1 0 0 794 484 510 786 154 466 52 127
1 0 1 152 117 303 498 861 173 918 847
1 1 0 440 953 349 796 757 0 347 52
0 0 1 170 733 773 25 478 480 27 547
0 0 0 761 9 592 605 448 499 30 255
0 1 0 497 64 410 248 368 928 128 765
1 0 1 774 264 909 712 111 662 349 749
1 0 0 946 23 795 8 737 88 271 352
0 0 1 538 503 288 814 384 469 767 27
1 1 0 645 591 193 953 601 957 615 273
0 0 0 889 577 235 846 284 762 984 961
1 1 1 162 354 757 187 805 194 58 453
1 0 0 641 625 851 445 417 657 43 595
0 0 1 632 863 971 769 434 998 546 875
0 0 1 990 433 217 660 196 929 930 721
1 1 1 137 484 494 698 779 124 859 526
1 0 0 600 26 649 493 810 943 51 814
1 1 0 743 16 277 711 976 617 116 691
1 1 1 209 837 644 360 305 909 57 976
0 1 1 294 597 610 334 151 511 813 288
0 1 1 263 295 274 353 961 134 2 126
1 0 1 659 924 659 102 374 51 583 491
1 0 0 619 280 418 443 963 135 445 482
1 1 1 11 776 711 815 173 969 388 392
1 0 0 144 954 183 874 108 752 711 406
0 1 0 570 227 427 877 795 374 658 400
1 0 0 948 2 818 716 493 754 92 191
1 0 1 823 837 884 553 148 813 101 73
1 1 0 662 432 993 393 225 439 987 567
0 0 1 250 669 499 186 452 94 752 577
1 0 0 786 687 542 853 763 916 923 101
1 0 0 969 58 122 503 718 622 243 192
1 0 1 307 711 615 675 387 959 826 753
0 0 0 121 335 763 125 423 842 294 273
0 0 0 927 418 595 11 234 804 23 627
1 1 0 154 0 689 741 695 828 390 238
1 0 1 319 809 641 215 688 952 705 340
1 1 0 470 823 137 343 60 502 341 244
1 1 1 46 472 971 947 142 938 237 645
1 0 1 702 470 520 646 217 609 306 358
1 1 1 725 306 318 296 111 252 561 729
1 1 0 282 925 379 425 622 708 362 90
0 1 1 834 724 685 257 965 544 105 559
1 1 1 408 809 24 329 682 662 891 277
0 1 1 358 673 241 613 319 333 336 47
0 0 0 653 749 832 486 939 132 467 38
1 0 0 532 496 829 360 384 921 397 186
0 0 1 423 73 974 989 116 386 216 23
0 0 0 955 272 566 645 888 839 357 35
1 1 1 762 878 482 40 457 449 68 261
0 1 1 937 41 529 141 777 929 470 613
0 0 1 316 131 979 605 722 444 470 188
1 0 1 281 793 518 778 671 841 115 253
0 0 1 669 320 218 93 509 703 484 432
1 1 0 754 143 791 35 419 863 971 146
0 1 1 610 991 217 292 310 788 763 367
1 0 0 950 276 448 727 824 477 758 602
0 0 0 369 435 213 601 362 63 504 176
1 1 1 56 826 462 939 236 217 493 763
1 1 0 408 71 251 865 23 910 214 138
0 0 1 140 873 109 274 836 564 492 303
1 0 1 474 556 808 746 273 247 36 458
0 1 1 104 305 612 926 470 372 212 854
1 1 0 233 943 674 516 720 946 793 87
0 1 0 242 561 464 718 703 570 942 404
0 0 0 174 6 833 738 619 769 817 530
0 0 0 20 117 178 349 363 591 626 712
1 0 1 568 633 839 789 322 69 179 626
1 0 0 142 815 207 283 359 749 334 107
1 1 0 434 893 225 930 745 442 709 480
0 1 1 100 953 810 219 183 834 769 536
0 0 0 234 703 167 60 837 221 657 895
1 1 0 955 705 531 865 803 755 726 690
1 0 1 137 772 896 152 323 186 314 814
0 1 1 86 711 563 404 427 351 25 404
1 1 1 308 160 174 757 660 732 415 492
1 0 0 59 897 566 930 416 902 484 563
0 1 1 148 359 441 211 217 249 807 794
1 0 1 945 136 483 907 471 556 943 445
1 1 0 590 80 385 596 597 786 612 496
0 1 0 953 749 261 547 634 889 336 234
0 1 1 823 297 833 766 233 212 165 714
1 0 0 892 374 811 207 34 821 918 81
1 0 0 494 718 619 602 912 279 225 974
1 0 1 232 424 642 980 263 263 630 508
1 1 0 226 542 249 489 712 214 131 919
1 0 1 495 743 327 327 146 229 341 130
0 0 1 354 677 269 211 201 200 452 997
0 0 1 836 510 282 168 466 460 298 358
1 0 0 873 224 891 18 353 571 477 525
1 1 1 375 299 503 720 317 173 458 810
1 0 0 206 486 568 941 84 593 326 23
1 0 1 894 576 667 832 236 422 391 398
1 1 1 797 648 588 800 940 830 964 815
1 0 0 267 672 488 703 504 208 138 257
0 1 1 722 321 809 939 646 68 879 821
0 1 1 682 782 951 199 319 721 180 230
0 0 1 32 678 348 447 97 749 782 649
1 1 0 985 995 335 599 630 528 385 713
1 0 1 154 387 99 954 68 648 822 813
1 0 1 975 59 487 181 259 246 737 57
1 0 0 128 527 176 489 422 446 419 396
0 1 1 822 118 476 425 396 202 508 964
1 1 0 572 439 23 550 49 419 351 684
0 1 1 528 402 450 958 53 947 809 530
0 0 1 452 896 737 224 43 744 447 351
1 1 1 87 474 131 807 197 713 843 229
0 1 0 646 841 395 282 302 853 441 963
0 0 0 310 120 263 225 876 134 508 575
0 1 1 52 950 106 638 732 508 966 330
0 0 0 197 2 871 620 544 917 170 51
0 1 1 549 180 167 959 500 500 229 650
1 0 1 793 387 529 290 647 485 48 196
1 1 0 947 69 817 133 426 231 77 473
0 0 0 629 955 236 924 284 353 567 178
1 0 1 880 730 813 342 717 595 928 661
1 0 0 676 725 656 19 886 466 166 697
1 1 1 920 220 472 274 64 904 328 202
1 1 0 880 162 73 449 239 550 930 456
1 1 1 232 166 338 484 350 802 395 475
0 1 0 96 898 511 295 677 342 79 716
1 1 1 556 676 533 775 518 799 880 22
0 0 0 27 686 455 491 742 785 481 529
0 1 1 911 678 768 967 296 388 182 457
0 1 0 534 752 483 504 250 234 578 342
1 0 0 542 59 67 477 514 924 232 709
1 1 0 887 479 318 892 333 666 526 158
0 1 0 510 400 874 476 799 153 468 424
1 1 0 99 862 610 132 305 571 961 263
1 1 1 782 640 999 890 444 300 526 515
0 1 0 969 441 480 768 705 270 124 65
0 0 0 220 391 291 139 994 883 711 741
1 0 0 185 771 162 388 840 877 786 248
1 0 1 999 476 715 708 370 48 122 623
1 0 1 244 611 773 536 472 486 359 320
0 0 1 199 687 74 59 17 825 310 243
1 0 1 698 705 947 870 86 420 978 393
0 1 1 546 620 736 44 619 775 285 283
1 1 1 243 640 221 995 636 968 66 206
1 0 0 360 964 626 815 752 7 441 404
1 0 0 70 849 702 639 521 305 130 561
0 1 0 808 765 783 985 637 219 123 999
0 1 1 170 62 699 45 178 577 963 886
1 0 0 945 587 181 306 357 253 455 862
0 0 0 62 45 753 841 219 378 302 804
0 0 0 586 197 655 397 114 937 291 396
1 1 1 892 863 31 660 860 38 806 371
1 0 1 431 91 305 461 633 736 985 827
0 1 0 138 305 401 861 810 907 166 887
0 1 1 763 57 847 634 979 470 246 414
1 1 0 131 877 797 169 392 277 489 120
1 0 1 452 479 521 711 122 220 124 867
1 0 1 470 288 979 59 426 408 216 205
1 0 0 517 436 569 307 744 522 93 776
0 0 1 492 938 276 143 809 315 796 173
1 1 1 590 630 523 390 285 11 606 703
0 1 0 681 411 631 697 461 43 437 538
1 1 1 514 758 113 0 945 913 753 292
1 1 0 985 610 434 677 318 680 649 635
1 1 0 659 691 235 96 236 734 519 228
1 0 1 186 671 723 567 569 420 498 772
0 0 0 956 518 695 42 225 57 507 57
0 0 0 768 876 517 63 111 909 262 324
1 1 0 957 247 996 483 111 43 245 304
1 1 0 720 425 318 292 80 133 263 698
1 1 1 495 693 29 143 40 814 942 767
0 0 0 855 654 176 461 85 6 578 560
0 0 1 657 598 549 786 782 408 516 567
1 0 0 992 847 60 2 940 474 449 786
1 1 0 339 25 981 559 486 737 129 237
1 0 1 521 472 529 145 130 219 449 532
0 0 1 690 594 572 281 438 297 585 748
1 1 0 72 75 508 182 160 705 631 724
0 0 1 641 524 400 65 890 358 675 780
1 1 0 994 448 210 507 993 303 791 569
1 0 0 287 750 223 5 629 884 414 586
0 1 0 500 413 189 612 393 59 793 179
0 1 1 998 745 745 693 402 828 144 729
1 0 1 276 879 240 773 8 754 814 947
1 0 1 616 87 837 881 973 870 832 261
0 0 0 453 770 861 245 175 182 765 584
0 0 1 743 917 568 24 227 760 744 548
1 1 1 290 249 16 266 466 333 604 559
1 0 1 651 681 912 200 580 187 767 27
0 0 1 270 833 706 566 843 231 421 646
0 0 0 892 258 643 305 492 25 415 564
1 0 1 714 951 469 16 952 834 426 481
1 0 1 75 426 484 357 157 495 4 171
